//Regular input
3 (3;5) (5;6) (3;7)
3 (1;1) (1;3) (3;3)
4 (0;0) (0;1) (1;1) (1;0)
3 (0;0) (1;1) (0;1)
4 (1;1) (0;2) (1;3) (2;2)
4 (-2;1) (2;3) (3;1) (-1;-1)
5 (0;0) (0;1) (1;2) (2;1) (2;0)
5 (0;0) (1;0) (2;-1) (1;-2) (0;-2)
5 (0;0) (2;0) (2;1) (1;2) (0;1)
5 (0;1) (0;0) (2;0) (2;1) (1;2)
5 (2;0) (2;1) (1;2) (0;1) (0;0)
5 (1;1) (1;2) (2;3) (3;2) (3;1)
5 (1;1) (3;4) (2;3) (3;2) (3;1)
3 (0;0) (-2;0) (0;-2)
4 (240;349) (44;29) (2398;-2394) (737;-200)
//Wrong input
2 (25;5) (5;6) (3;7)
2 (25;5) (h;6) (3;7)
4 (25;5) (5;6) (3;7)
What r u talking abeet?
3 (25l) (ls) (929)
3;(3;5) (5;6) (3;7)
3 (3;5)m(5;6) (3;7)
5 (0;0)  (0;1) (1;2) (2;1) (2;0)
